000905000002070100006001090500000900800450070400060300000000000600010008003040700
001007008600030090394001005080000000000870009000000000037059800405060037000000501
027060500091030080300000602008000009700052006150070800000120000000000000000000900
006593420500002000040008003000400006800050900000060010000000200030000050050920008
000420080310000000800109004005082001036000000400000000053008002040650003000000090
020500004600030510004000009000000490800003000100000025000000000300081050400605300
007006903060053800000780200000000009420000000500300000200094000000005002053020006
000004600002070030410000907040036092000000100000000463300902040050001000000500006
000000600102907500500634000900010000000003007003000420400000009000002000050000742
010402000600000800050000000000030040060090002400000936329006000000208600100009400
090000000680059003051700048800100000400080007005406000007000609000000010100070080
000083901003200050010006300000000000900060278000508009500000000070001000080920007
000300000700982000003070001001000230900000015070005080000250006100000000208109003
203580600600000809040070020000000070805000400000000398000600032000050700906400000
003205980970000000020000006500007800301902000007650023000000069000000002006300070
405600900700000000000002675010900057300000000000120403001700000000001090060430020
500870100200000003043001000170050060004000000620000000402000500010008326060000070
053090160900000250000003000004010000000005000060329000340050008090006000802001500
400060280000001040000000106000004003300910020006070900900030010000009678000248000
080300100902000600050400902000000000009000004001690000008005036014200000200006000
800034070007050008030900100000040000005010800963000000000500007608000009791000400
000010000300002600091003000007200100100070940000040206980300000002480300000000068
000000704000020010030057600073000000000009000026510000000905070100000900090074520
640010700000060050900240060500000900070000004300000100060403207090700010003050000
100000000000780000000000730315000020006000100020605000000067005080002007050304210
005000034000000080003070000020000000306040700040068000200730056000050000100200400
068040007109000080030000000040106030006900400780000000500409600800000000007003000
094200050703010000081409200000382700000900003000000920000003180000000407005700000
000000400500800307080700000000500000000081500010306000079000005300040680048650010
300890020000000000060024158000500000003016205000080039600000300210000000000000040
900003000004006023028005190000052000003000400050000300040109005000064200069000000
000500030000030940230000008000001700000000095090070080000000000004190020079002103
100008000000003060060000040000000400000900018004831095480070900900610000650000030
090206073000009000020700500300002000000800400600000058830005090900000045000080000
000000400600500090400230800030001000040800500800053600000004001080320940000000006
060000058194000200000001030000305000500000600020900000400020010009010026000000400
700005080304000000005000462000000800001003000000000025000890000690702003070040000
670004200002080010013200070700500000000300620060700000800070005500800000000000300
005090700460080000027600009004000001000002070000000540008004006500000418100920000
007602400960000800000001000600908000000040603704320900000014300091200708000800000
080021007000950000000800000000000900900006008050000023001073200708009600020000030
074208003000007000000060009005604000300005000426000000050003024000900635000700800
000000000059000000000000620100400080020890450000005000000080000870246900041009200
000040006600071000000000010003095800060000009050410070035060000040080603000700400
000040678010000004600000000750900000040082005082007400809050001000000002000000090
037204000018000000000001000050040030020000809003098042090100050000000423000000008
006890000004000020070000860801020000407000105000050040000200701000060000000004050
000090000000060030203000000090510008000000000651000904800000420030800005940300080
400085000003000080250930007000000900000740000000000005900004100001000409700020300
000020700520000030800340000180000200000050070000100504000200140050000002040800603
000010000270400000000005030002040050300200007000000003901300024000000096560090000
306000000000005300500092000702000100000000069000100700193000086050060901608000073
160020080005000000200000903870200000601000009002003700006080000090000000000607310
900700000070940000004580093008004302030270500000098000005000100007800030010000005
006050000000000200871304005007000001000008000630000000365010704000040806408500003
000700000060030001000012080002160030930207060016900740000004903000300020070000800
009860000000000608000000002107008900086090100502410080000140070070502001000906000
210070000069081000000000040006009070900000120700002068002500000004000086050000009
209506000700003006005009820000000001000000250003080700000308010900100300007600000
130800600050910070800007300360000010000009800000000504000001009000008060004056000
000029500009054600800706003960400080002000000087600000004200000600900020300000007
000010000087020000000046020600000040120038600703000000050100000004280500300600001
000900004024000075100500000080075400600000100700020506000009000200001790000080000
034056010107340000000910007041000650000000100080000070003600004050130080800500000
378000000000050000000402080004600705705000400023000001010080023000010000000503000
000000083002000500180040000000600001000052708000400600070204060800003100065070802
040000020026307000300004800400000100003600290070000380190800670000000000008000409
053000200400000000087000005000052010000030700001000408800000040604100007130000600
009020000000000510040010200007003009002470600600500100520040000074000000000000003
105000040000000700030000010097005002500904307004006000900000250002030004070500006
000000067000000000008040230030002450050084000140370800700000000003060042000021008
003000701000400000007003450000008002000200010014075030305000007049000000700000009
040250090003000027005000400650070930002030000000005001900000014200047009000000060
090081500054000000100000300000030790000800000020070000008090140402000070910054008
025000906089000020000000050906020040403005000008000601001068500000000009000004180
000009000000780000600001079300040000026000108107038600704000001000900004900000720
000100004000040000020000906034062000600000500900000020000050030050009100093800000
000007040003050006900000000000000000065000203007920005050762000040800000008030700
009000000000000851000001070001037902007080000490000007500070003000040000300209008
000000709000000080000057200020045000800000920000800534007030000030024850500180090
000607100000000907000400000103900000708020000209001304004370000000092010000000083
500000000080002500003104200000407001320000007000605400005000000768000004100000300
040800000680300059000000406000050001008000004003900260200003000000009605050600030
008009200075000000013007008000705000001028000800490000000002003107800090402000100
200900508030000020040010000500000000090000081000000030400080006000041052629053000
040001009500300170708000000009000005150009028807050300000270000000900430000004000
000106003006090100000007000100080000520600090073200800007000605951000080200000000
000040000040700809107000500003000001005006040000018000000090005090605030000083010
000900003708006090003200060009540072802009000050000000020800000060000004000070050
002008007040000000005970000270300068000000004630420000900030042000080530000200700
280009100050000009000100820070010368006000000100008900092000000000705000300000650
560020000908007000201600009050900004000002000080400000004000076007040250000706908
240000007063800040100000000000403051700650084000208006004000030010060000500000608
080000590000006000000850000010400600000000004030010920000028100006140205003600000
003900010800000976000006800000000207020001030000000094900200708087003000002009040
700000000000240008040030700080400000009008025405300080003500062052790004000003000
001000560000003109004000030000006907400700310062000000000050042009200601200000700
000008507006120000000000900108060000000700000200009700090805000005090280010003009
040090800108700002065000004002460000800000160000100000006007000000020480000915000
200000000048000000971400006000000000459000001860002000000825704000760100087009060
905000000203019000000000000080400005500060000020000006300001020100050090004020380
096010328000000000328000000000006200670300105000120890030000000580000007201000000
000060000009000465005004000050000070002006000040078053070090008020005090604082007
000000570004070010500000000000000050700810604080000000028106700009007040060029000
800500000004001809309060000001005490000000203000000560900012300003800002000490010
370200009020000004000038100100300020080105040009020010090000300000500070000040005
000500060003600007000401000507030006080900400439000150006700800010000000004008000
000000500020005000800000604000014000609080000010009805051206940004008163000000002
400600050001300040058000903000000002000013000020009001580060000010900080000501609
000004900950760040007830000000900086000400000030000005070050000802000700300000002
070006000000050002000891000015000020002300009000060180030000000000980600789000003
000036900000190000400008005063204000900003000502060040009350004204010000035600002
000000700000080040000140532080030094010950000320004180000070000000005410098000000
400500800000080000100709000008005109057096040000003005000601504010000680060040000
002067804800300070036000009209500000063020000040089000000006000000030000000045620
002000010050000700000320065000700000070901000100000000700030500043500020005200190
200001900100048030300900708002604000000200601000000009009003100008020000000709004
500000000684030590007000046800004370000000050901000004416050000000000000009601083
506000080080200910000000000008002460009000000100058000070045100900070050060900000
030000090600070800000032000900340006740020000800000000490000200020008500000000609
001060000080004090207930060000100270000000000000000010300070900104600300700012640
502000000090000010083049250008071023000200400000300080409082000000005001007000000
000000024020071560500200800000000051000000708006035000000710002710026080000400000
806704090070000600301008004000009040040000081000000203980000106407003000000090000
020000000000000789071804003000007050000580100300002004200700040003020075000300008
000009608010000070008003092280906004000300000030210009640000820000600000009000040
108450000004930070030000040010075008700008004080300057000002000050080000000000103
200003007000000400540070062080000000720300080650200790403509000000000500800400000
000500009900008640002006010000060004870000005001000860000400000000000020040070980
000001000043000157807050006000060000020000004735200000600400705050030080000100000
000000000010002600075030000060017029002050003000064070100040090026003054000006030
048000003070850209000060800430025000200900000059006000000580000900004520000000070
800006091000000040200981000005800006610040080004602530060000000039500060500000000
000205000000700001400000009735000006004000020200000704000000903050309062019006040
000012400031000005000000600409001300060000509502009060000003001000600000000005270
600000002045000030020001470059700000000000020300000007000039140060040000002000000
000900063800001070000000805000007000380050009607000310060002930000000657000008000
006000000103200807780000000572000000604005300010000000000030140000080070051007006
300000910600500000040096050000000000010985000000031040900600080704310590000000000
005040907000000040000071005000008009000000460500600071210465000400019000080002010
500030090040100000006740008000000080800050000030910000070000030600000410490803600
010006203004007900002900060000000000190078000003109008280000001060003000009020000
000100000095000600080006700000601040009000008000030970006005417040310000058000390
009470100001008046000012508004700000008000610000804002900040000400000085100009000
083000010100000004000820050050003008000040120004000593208010040005700000090080000
600000082140000070005007001000023008200710006700504020000000005067081030012000000
350008740001003050000001000000000020000000035045020009109050300000090010207000000
031000890000000504000003001000000200524000089090000403900740010000908000047200005
200000080860000002009000710600080007500000000090060250001076800000204000000190540
004003002000900730008100000000009528050000000000470090000040103000508009700000250
007003005048005020051090740020000004000000050000140290000000081009000000004080932
000000384000000070200040000010900058000050400402700090007200000109000700840009030
300500907050040300200000040460009200005000000000000001043060500000001096700020000
054071006020503004100604020043000867000000000000000100000006000018007000060010050
000060170000005604070900000009006020000000001004000000210300400005010009300002000
000001350602004010000000002046000000801003060030900000920080105400000900000000630
089000000002000790500000100000060070000000029020508400800400060010005000645001000
035000000014700302000009000000040085000057100080201000020003014000400050000000800
920000015000009080050400900000000000000320000000100390007083000240710000100000703
000002930000150028290800000930000007005080000000000502000700050010500780000046000
328009000000000048000060700070530200400070005003600900000000403004020006090000000
004800720072003006900000041000010009007982603100004000000700060000000000008409000
000006305000500000000010000620030000985000002030000450050900001009100580041800093
000030500000002090400659000005080004080000020000501000020943000900005600000200080
000000480000000659070000000000040001068000000005090006543970000087100000609034700
000906380070040206000300009706002000010000400083400007400800900807000010030000000
503001006000050000000600100000000000305100849000700510086004701000008905007000400
500000040006000009240000180000200506000000001000900020005604008100080900090051700
030000000000600100000000005000400000010200700269051004004032000150040076900006400
000203900904006320030000006490010002003000400005000019601000005042000070050020600
006050200730200000050309006005100402100004003090000150000002000020943000003670000
300000020000040506406250009008904000032100000010002000000006400109000000000503100
402700000015340000300000100090600007000009200000570030000160000000000750060002003
070840600005607001140020070000000040000200000000503008002000000360700025081000300
000000408007000000540070032074008003005206000006003000000000007002050984000800020
003400020240170000910000005090700002080240003000030790030000009420010000000500200
000900240000004008730200060500000083040053009070002400800040090000000500090000032
700000400050900001003025007000370000000000012000062000010000905020054000000700300
010402000000100600002050080900000000048003000000004950009680014400901060500000000
003600051000080000000000008905306800087500002001720009090030000000005000050207030
370000008600000004120007000000083000000000006090420001061039200000000000000076049
000900007060010090000200000002000010000080240037000069600740000000100320098060000
040102000070000004090060710057400201004020079089000000000017000006000040000800000
102000600000064007000000000000005004070008050380106020050010000007000100006050030
300950000040007000009020050070130000004000020132000007850040000201000900000000500
040000500000900040500830006380010050000000000009520610000480290000200401000006030
000004000000060250000500614008005000210003000004800000301000007650701800800300005
419500060000430000000090020020054030003000810000000000032600000040280350901000000
008000000000020630000701008531000007000000056070000800150840300064002500302005700
801902700070000200903047006080004000000000180000001960000020300300109000007008409
040852300080004000005000000200000401400305020003000009020030000500021600090060000
510000700030000080000600100000065010200900000900010068090008007153709000800020000
020040960300000100061290080400008000000470000000932000007000400090080002000001007
087400500000060800390058000200000000400030000063000070000085000700006250005092030
004100009005902803000040000090000000050400000000006100000060930100050208240000600
450000070301000000008000000040000000000054107800000340023800060007100405000602000
000200000000700000052018000078350004160080070000000010000004007000100030504060020
000800000000090201006502000900000005000680030302000090500000003091006400000001000
000002030000080010107509000800050000901078520260300007000000200300006000000700060
020095000000080034000000000015308092002500040306000050040006020000001000000804360
735980020012000000908005000009300800000020617800000000000102053000590000000070000
900700300000000009010405070009010408080000005200540000040000900000137000070020080
000803000000000100500470600000050004000010260007000000780000030004062075605000010
040000000800000000100000002000620700503007200200080150704200003020310800300508000
094000000160080009302000000009500600600000081800006204201003900000004000000002160
408000003006900000500000670205800900060000005000540300803009006000400500040080020
039500000406000100001000000300600250000720301000000700010000940057940600000000072
000708090600402005000050000004020087000060000020800950000080200700900001090005860
650080000100002009004300000009100004200900000010003080000000010080295300530000000
100790208000260071000000000090180305803620000000007000000310000000500009200000560
500070000000018000008300107000024000701000000000007802003200410005000020600400308
000000000000000310000480000320100640000028000001000030280010067730005081104000200
910000300500700040300400600000062009000100400000000056006001004000027100002040003
709000830000030000013289007000005100000070000000348000001504080050000000087000901
004070690000000831306000000800300460000200000001406079000000907000001000070009300
500070000009000800000009004000001008030004001108350000050643000074500900001000060
790300081000800200000400003200008000014050098009041000430500009508090002000030000
609000080002060107003200000080750000000000008000900023000001000500030090097002500
009050000008100070200070000000090087000005100105800940000014030004900700800730092
008000006050020010000310058000000000000060700800001609290800007003000060160050000
080240103050008000000031095010000009200000518004000200005060400062000030300000000
801200000090600100730005009000018065000000001200000700000000002000036007100007803
050800000000013007000705200120900060080160700000020003007000601000000008000006520
002100000040005169005000003900600200000801005038000000069200051400500096000000000
000008000200050907010000500008200790052000010030000080093086071000079050000003000
008060007000720081026080400000000000900270030400130002010008000240000000060000000
000000201000000970910700030009000685320085000700906000000000018008000720200300000
080000000302058000500240000900030710470500038000407005100009080000010000000000500
020950060000000009600002740013009256506070001000100400000000912400000570000000000
003002070000008000090047000008000001012304900300009602800090300004000710000000020
900800400100300070040900000800400017000030000000702008001000020020000000483006000
200004000000060003000809007084095000000027080000308500008900004370000000050706900
004010000000980000050000640007050081600000700290800000920000000010000002400090560
070300650043007200090020030000006400004000001700000000030100060000050000001290705
000073180000000040070080000902001005010007930003000000000030051809500000500042000
359000040002007005000200000000003784000940000030008000905000000060400300070006900
000000530600000008090080412000030209006000300230900000342061000068290000000008001
000200000080040090003000807090000640005000700070809003050400000908003000720080500
205090000007050604600000000704080900090000000060400800050903070000065230803000000
801240070034080000250000400000700560000002010060010004000403006000000000000175002
060480010001600030028900000005100082090000060000000005000010090006205340000800006
000600300800700201150800000000040000301007006008106470004000000517000048200000000
000650010000079050051080090037000000800000000205000708710000500609020073000008000
000800050039000000000000042100290605020300000006000020090006000500008010080100904
008200000000030040000609002903405000046800031001003095400006050060580003000020000
028000000090060000000000005000086903000010000013400080600300090080090602100050048
003004600067000204004038000502040709000007008000000350000080000700000000600709005
470000900000030000050070368601005000300700050080013006048000000000050083009000500
000500000800000000050030000000600005000200037703000410000407608500020004001060023
800006000310090040000100000100305800002061005000200000006903200020008010500000000
000080031070300050100009006000006000500000100020000008060905003080207000007800009
000605007003000008050230006090087000006390000001000000608000302070000080000000509
109600000076000003050000000000075060000800704000036908040008000905060000803009000
200000050400008010065000300100007504008000070050000031000020106000000000517064080
208007031000002009003600200080901000060000400701000006070840000000023000300000070
700920003000735000000008000000000910500017082006200000078100206002000009600090300
009070040740508003005000600400000070800097520906000000000005380000000000060800009
003090002040500106500010890000000000089043000030000004005029080000408000090031000
090130004650070001000000789305700600801000053009000000000000000000060847180000300
500000002000006530007050080006070200400000700090420000060000003000200800000045069
000790012800005709400000060040009005007000600000100280000000001005000000090080450
000020000000008005004601300700000200000050018108004000000087560001465000007000030
009060037060401090020090600290800000003607012700003000000000400000000060000302000
160300008030000007004000001000000000358000000201007003700503010000200040000180600
751000604000000030084000000070305020100006000032000040810602000006000710003008000
009500010200090030000004700053002000000706050090100203000400079020000000030005001
030006014870000900006000000910000067028000000060002049080039001000708030000060000
000008230000500090000000006001003000070000000089000020800107605010060080056029001
000000342800004010000090008100003500008001003400500000394012000000057400000030900
007009800001700009080000100000026000000091043030000021079430000800000000200008307
206009000059300000000820600904002100010030000000004002300098006800105040040000000
026050007700040095000100320000200039060000500400003000502400000070009000034000000
400000000000000080000600902065090008080500097010700540600000000000010000290004150
040050060000020100130040000910006070005074002704000600000010005000000090000063020
720006009350000800000500720200000005000290040093000600004905007000060003600000000
008000305065000902001000008680950000030600000000001700003007500500090001000000890
600010302000005140090003000005600210300000000000270000006100400000007600274000500
000084600650000009800900300010035700006070804090000003040007000000008000005400001
900700040080000000000200905073120000540000000802053000054070010200001004000009030
020000097190800600000250010806900000000100000000000030007003900001780000580000700
020130000007009040009006002760000000090400080100092000000008000086904120000000300
008000300000000010010060070000000080063087000005000407002010500047608001081045003
000000000000000320007080000503098010080305900910240000030500407190800000002030005
800210000000000000400300065500630820001908543000001000020500900000100006360000000
700200308040000090080500102038001200107902084900040000002100000000000005090700000
706040000002076008980000000009000100000003040400000000003004700200901460600002030
100000730670004080000060090001200000240000070000900460030000000000020617000000920
000600000000014000365200000039702010500000000100450072000007000904001025600500000
009060400040070908000080071002000084000007300600030009010090000387002000000000003
000300000600090075800000060068050029100000000700060050000005010007080002230010506
500700000020300600106090050001003092003004010470205006000000000000500009000109030
108052000007009012000080300000000140000800057040000000305040028000700000001200000
002090053700050480004008200000004300200000007007009000900000000030010500000302890
000057000000002010000060902064030520010405600003000000020003056100006003040000000
300002607100060030000500012000207000700009400000000100070690000590300001206000050
003240700020608000094130000100000307400000900000800024000000031000920000000000280
700850004001000020000900108200000009050000002000370000870000490030097000002500000
210000000560001008000000009050700080670010050000940007000197000005060000780002000
009000002050001300803500010000680000000010089000900003060270001091050806025000700
008040006000008000069020030080000900390000084700000002000206001040130700020007800
070000000300002041000010080000600000000000190017200008003008000160340800420090037
000000300002100480600240009089000000004609020001500000500020034000000051000000860
000000035005000609900000872000900708006210053009006000760030000012000307500000020
900100000008000010000000700700002190005800200600095000060000008000067350002508060
004005080000000750000007901019200005060100000000800060090000872005080000000049000
107000800800050900093060000600200001030000000082005000510089207000000060009706000
090000000045010600610040005053004009009002008060000200000000014020000900000956080
001000000070500602300700405030405000406000000910000000503010290020000500100000070
020910600040000120006700900609000008008063000030200060000000000102070000000030810
039801000800670002000000508320000060007000900090003000008000206610008070000300800
000000000500000896920105000080000003003260050150004000340000015000000349000000000
120000080000000002900000640040500010006810000509000003030004090600090001000280500
072000300000000060680000000010207640008901200400003970046700030007000480230000000
009003008000897000000050040000040920900300000008000407200906000040072000006000050
002500038080012000900003100700005000005070009163080750500001600000000000000000592
000000005004030706080002300500000070000070000600500000006800000800004052010060034
006100070800009050000005406005000800000000000400008600092050710040090500058074200
960210000008009100007004098000425000000000407800000001004001600000972004000500009
804000002620500900109060480001026800400090000000000000060004007008000009000612500
003071080002006509010090700000010075060900000900308002000060003070000000620000000
300008060020010000000037000007009610400060030090070240080000000000400000061000470
000000801400601000000800240061000052000000708000000460050004007040108900006200080
300000010059004000040000500001523900000890300060000002006000430000050000294300000
100000820257000000008000090020700500003590000000402087000940000009001000730000002
070400200250800600104050009020008000000000000500024097000000105090000002400001080
105003000090200007000040800570000002830000000000010004200080003000120700008034000
000200801300000200008000540000037008600000000801520630000000000400100007000052300
000600000600091052080050400050100800092000000040500007000020078001000004060000020
000040600003000000061002700000010000900800400000034270008100006490060030010000800
400008200005000600030046000804000000000125000000030006008050103040701000070080050
005900000009000403000000020800020000001000000030040017007050100008000090913780002
100300005809001000000000706010008009000070850006009070004080107000000000000006348
002050300000007504095001070030080041080009230000400007000005020700010000050030000
030000020061000005000060000000009003400100700025300010000004500100902004900506300
000000007000256000018470000000500410090760000000080000541000680006800052080010000
007002905000091040000504801831000070900000004000003002050000030708010000200000000
004009080005004037860000000000900000140006000350008060500300801003010096000095070
605000009080004000000016700090000000007800000040000900400680120000200065001405007
000000092000006410000000007006080000500007040007000809000061000062405000004078051
900000304080009670300400080006040010400000760703500000000710000800000000000306040
028700005000046870000500000800000000030162000142000000507000201200000004014300050
000009008002070160100000040604010000080006000905400710000000000840020090207061000
500010498308000200200000000000100300800004060090006000030060082020040105000000900
700200000050004700906050024000700000060020050000000900000042005204900670005300080
070084500800070000009500030000400080007000000000310002008000100904720800030000905
000000009000100360000000405002000000685009000010000048400906080000420593800005000
000000003000009021000002480000498070000300000030007092203070000600984000408000760
006034700000090600300700000000400356004000000030000920900000500040920008073500400
003080090700000201904610070000876000060003000000100023000060002010730000070008009
040050803000000002800060040600207000000000310150000080700000025568000400004000060
692005000300009020000000000500900104003010090100074065704000002000000400000006030
070200106300000008900300750030060000800000507760080090000600000050000621083000005
043700000000000000010300400052100009000002000080907031007410005090000003430500870
800690000005030010400000007340070800000000049000086100000003056700001000000050700
001050070207000000540000000000102006108006009070080040019004602650000000700600000
000010040030005067060704008000500401010080000650300280000000800080003100500600000
003900200000020700800000040700008034000060070090700001932000000004006100000090300
000860010800004000040005370050400700006000004900006005000000003070980050060000100
600200000200800071001009020400900007030000084070130009000020040007001000002040000
000400020000095060000026000004300800200000004095008000609100030180000000002063000
005082010040000800008090020300000500910000000804300006030600100000030050000004008
301000000008000001020000000005604720060000100800000000004208000000001032050007604
050402019700000208080001006861500000000040000024006000000050000000000004107090520
000090030040800000036001002700000340010006007200007108000200080080000001000100460
000870930098000002170000000020700010040000005000940000010090004000080000400030081
900810004000400060100009500000000209000080045007000000050690800090020000042050706
509800001000000500060000730090708306300600080000040090030050000400000005008000070
860000090045900200001000008080004050004700000700060400000582001010600080900040000
600000100004200000010800005080100000005040607000000002000002003050004800001300020
510300060030000400000010085050020900460009000000403002090000010040156003000000600
000600403480070010009301000900080000100005089050700600067000500000000007000100000
000050000040890500028000040000010084600030020300004900050060000030200090906080000
030009072060002980000000056070600000003090000150073800209030060000020000005008000
000420000120000006000000010000003000080700300300500401030054020500007800008100070
500000094000000300427009050100000040709600000200701000006000910000005060900004073
574000020000350000006000000000000004700540000002706095451920360037060002600000000
000040000520030090000006200090500020000000006000000304032060009000300800680159000
000026050000490826000107000100050008082000640060000700005000000000018900000760000
708000045020000060005000000467300090000200300030000407004050000300002500800090070
000000009069035000040600038003000000700003460020040000800006007030504000006020000
007452000002006870630800000008004025020090000403000096059000000000003480000000000
000495072902000040750002001000008000280000090407030100803004000000200014000007000
060000000000040000000507001800006002590010060100700005010800500280004070407200090
300008007000500231090000800824000000000000000010000700050049008043000950001700400
059007000800000540042900000000400000000005070024000000000608097600700350080000604
008000100900013280000000049310800000002000930000200407080009002040000850000005000
000000836700000002000000090000006020002000500005090374508720040004500000207009005
080010000540900300203500800004032009300050180002100070000080000000004000000001904
000940006000873900030010000719000080060000050000006007600000870000000041000507300
507300000000800090820100300380000500000609071000002000000000200060000000130007086
052000030306572040000040001000104060800000010003800002605000000000080000041020006
003060907000008000000050000009030500080002000030795400000600005900480600040000209
000050000000300591400000023042800007090720000503001000009000380008510002000000000
000040031000000700903012504000056423100009000000020090005204307040000900000060000
030000048650190030000000050800030017070000000009004000086045000000087000400009003
100007000890000000000400307020000050500270000009804002018000030000300074203080000
050200700008000000200840016403702080000000000062010000000000000000400670071580030
000961000000080000007000000090700500000006000700450603304008050075090401600004008
000009603010870002000000080000100067030000100040063090900000421000098000200300000
000000070205000009976000200500090100060000402000610005000403720000009004001520000
000500000071040502030001060040010097052390000000064230400000020005000000060032009
000000030040298006908061070310000400409830000600000000000000007000000019800400603
007000000080023005920400007000802009000001400009000318100000200000090180000007004
003480205010000860080006400000049001000600040006203000000001000200390000038004020
460000000000003800723050040070020005500000000049500067290008004080200000006000000
010040000580007090700020000000430800000075000000809100100000075305082400470000002
090570000002000009600080005054900070980320004007004060000700030020000080000600000
000000005040308027000900040006000700805276090400000080060000470000542038000000000
000001000082000060003000048020600083000000090405083000098000000040060039000005002
560008704800300000030001009010000000000009800705000361600000043000050000070900000
160500040040000000507000000710000030302050060000603000005460002074010008000080750
700003600305000001009140500900000046000500300004060709000000000480000070013000408
000000200100203000006480100357000000008700020000051080004002000020360400705800000
005760000600004000000008000008000000000073004059000708007030050004600910300000600
600034000000700000070069400009007540320056901400020000001003600230600009900000004
400000270093000008000003005000604000035000062008020000900060080300009000000540020
040050000000000010109030087090000000306500900504079006800705009010090300000008000
096300400803000020000008100000804000060500030014003890300020600005000000240006300
003007000000083740007400800000001000002050030000000020506074082300060570800002406
042000700300007000600000020000010200510900403000705109090200000700600900453000000
200050700543080020000200040000008003050090000000400087800006090020000000090000052
800060090000008704000093000000000500000504007000009068600700080050040002074002009
004206008003050000060408700740005000000000002050700000005100400031020000000083015
809400006000050830000000004080030060400010500206000003601000028050000000048300100
006050092000000037000000000200040380094070050000060000000000000049200860830900005
000704000040089000103000000000000001070190800000036000700000210000067403900040008
000080900000900000302000004180060000403002700200801003000000018001300040800000029
000000904008000000000000710010403067803160090000800001000690000002010070690307080
003290040000000000910045007070900530000004200500002090000137900000000000230000780
080010009004060500203004000000005000508190000020400000002000830000200001010840690
106204057070000001050060400000050000000000003030017009005000320740500010300020000
008000439014000580000009007100004000000057900000000000001080050805030700430095600
090000600060800700000000000000003040200700016043060080308072000004091000010600004
800057000020960700160400000010000480500090006700005000600000090000070620000000008
804602190900003060006051008200000000000000004603040210008000029000000851000030040
600000290001000000800030051000400000509000680040098100002040003900006008000000500
790000000000000910004800007000501004001070000600000000906140870200007401040050020
607050000000000760000080000005000200000000043001700086240000008050003002080402070
000400100030060408000050000100040360750006000400200050006000000000700024000010007
600030002000007000003004006005300280290046700040800900080000005000050000002700400
010000300000005904007004050009023500300400020005001709001000400936000070700000000
000000800802015000300000010008000070573000068060001000700280009000600000026000007
070000195950000000400060000000080500600709004000150067020047650000000009000000478
200508007500093002800060400680000020007000000020000003060902008030040976000000030
000000000000002007000879000300080700905400200140000305500793001010000502009010000
000000300305000004702000060009000005800000000000043097000090001080071040003500008
000082000004100000190007060000200000006004000200065400007050600058400000409800750
050001060006000001070009005001000000089706050000000002007608320008092000000105008
000000005000201000587000003203108960010000308000000000020309500800000000609500010
000690050009014086000000000600000004108000207402900000000070620000849100000005708
000000003809301640410006000100250304000060085000103060960002000024000000300000000
920700000000093040000004000008400027000010000260379004000000900380000000479002068
060090408710400092400006001900025000050600009270081006001000004000009105000000000
800009200000400008061000050000610500020700640000000000005048700000107060400050109
100708400700045002008061000060300000005010060307002051000000603000000700000070005
406080007058601000000000800000006009000090100004000073000700480000305090600100000
902084070080000000000300600000201034040670008200000760000000490003006001007000000
000680004008000600020000780700009000030572000000000003000800200040000037900250060
700850000480000100000700040000000002000010706105000830070003061002000000503060020
000002000260830500009010000400000060603090408058001039000028000006905000000000801
900500300600010020020000004007041900000000070406092005010000000000050096200000003
705020004000053060060080001000000000480000710016000000070000030001560000000304002
050000200600940000000020030000005001000200360010060400200004009041000500900057004
006500090020003070500060300004700830005030000008950700000800020000297000000040050
060000900041000605200000000003090000020006390610030020030012450005009008000000100
000051000008030065300000200603010000050008010000042030000004050000000903201080000
130900008860000000002300000608000000000002800000790000900030670085000120300500900
000742000000100002000069700920000000000006300705000040460000150002050470007400090
000000510200000006080006000340010800005002091800000060000034000520100080460000000
000180000100005000000400030300060890080000305002000000805304060024000000090810000
208090065010800002650000300300520000000009000080000100100680000064250080000000000
000560100000000002507003080000310700060007020000090006000200000021070800000608030
000004070600000002020509603050000000068900020030000000400870205080200007500000098
200000100035700000000000020049070000000200700010095604054061000300002050000000401
900600040020807000000190508402000700500900006007000000050000104006000000001760009
900000000050970000027010904000020405500401003000030080309004020000000700470200001
000070000020500490000000005903007600040010030007004050270069000000000003004000061
085000000170806004006752001320005008007000000054000230003040080000027040000000002
003000006910000007005690400070980040000003800030065091607050000000340000000000000
000000200807000006003000000000000000670038400000000789035204007004009050000080320
070065004000080000503104000600200000000078000000640020700000032000400780032000510
000000000070500043000084160469035800008070006003009000001000600000000500000097030
150200000000010960002700510000620000070059020009107000003005000520800000006900007
500000800008000270020070006600107000400080300000500000002051030050032460000006000
091000608080000051057600000003102860200006009070300000000000000060000900008079500
270000030004000517010400002500081000000203009009005000000000020890000103030004900
602800095400030102500026003260003004040060000395001000000000000000100030000005208
000205000051030000093170002070001000308007096000000200000608100000000039005000600
090032006000001000600709100020904067700010040000000050306007002500000000000006400
040600000060300705002090100050000013790000000001003020000010000020000040409700000
700006010000051023001020500008460052460000000002700000040000087010000000000080060
200000000001600245046000070050300060700000000012080000000040010000530000035120004
920087060700005902600900700000200508000000000000010630005000006003000210000020009
700000020040000015058000603000000008600400050800000170001200360200006084500007000
603070000000040000040162030300024700090000060080300002021030004000000070069000001
000712000501040030800000000000000500908051042005008310000070080000130007040000000
000054700800200000000980006500000000070006054900000320000002900090600407003000260
000500010030140052600002000500030904020000030089000001040000000293010000100050009
000602000600000058400080200060800005002007060500000004807500040000300000000010700
000000600098020040006000527000100000052004006009002085500010000800240000000500102
070002001900800300618000000000200000009001000030000940004003060386007400000100020
430160090000405000050000700000024000000601400020750000970040300000906002003000050
800001060004350072000000005000007020000500003070020000007800004005030000301674000
000842000000000500007003020500300006460010300700020000100750630000608000000030085
501006000200000800006000000000001060070804009600050002100090000000700240004025000
809003000200060000600280970007004060040006035060700004000300400000008300790020000
840030000001920000096084070000200340000000090000003108009000800300078004000060000
000000000200490803830002000002000000090080037580000690070020460309000000060007080
250000004006003500300720090670000302000000000039000005140030007000004000007509000
000020090004091080000850360000309050010000000463005002290000040841000000305000000
000300500300021009000000074010000090805092000000050700000287040009040020000000003
009040000010800030700090620600300000000000307000700008000000040230060700468009200
000030540000900001503804000000005200006400080000001409060000000804600103095040000
300700005009000000500100729000030490093075001004001000010600007700000000005300004
600000019705000280042008706010090000200006090800050000000000000001009570028004960
000000090000090400040500600150040700000000500030001080900430000368975040400600000
000002000000000001390500000173008509200007300900050002000000730700043090500010028
309040000000008604000000190005064801874000009000070005050000300006730000400080000
000000320800000007020000098010400050000008100300002009080039000903021040270040001
501070000080600000006029000000090004810000000000050200700060100098140005000005026
034050000000000962070000000240069003090503020000020050050000700700000040000016000
008100000407500090290600001001007000000020100602000407000060000980005006000009002
750020890000100053008000700060008300009050008000070000000000075006000000030095001
857000000000050000100040800000090100000000670000706004060015000004900050008204700
700000060000080400002009000000018200004090008000000005900000001006007020200050897
500709106090508004803000050940017500000040700060000009009000000018004000600000000
000000000650000020009001805400000900801400050005020000510200609060040017004090000
810000004000063000205000000108006000090502041000400000000000000002804005080930260
104780000060000080300600400000034109006200007001000030000098000000000070000010090
090603050403070908080004060500000037000930800000025000000400000004050003000060009
315000000000000000070010080000005001096700000780030500048109305060000000000000460
000400100000010069012065000400007005503100070000000000700003904960000730004000000
000000000002000300380000027700050006096000003003700000600005090000006200805204070
200600007430009006008013490020000070904000000006000000000900600000034802003120040
014008906000970000920001000247600009000000000063040100692000003000030000408200000
500020800046000050300000700028406000461007000000000070007000080014000360230070000
008072000530090002042000600020000700009000000000000095006900304000850060950030007
064090007380500400700000000000000020000206500000000009006030000403057200900400700
507809002000000050800030000100370000000000006032005000008002607700000100090600000
042753008000804000030000050000300680000060200907000000000006002090000046000290700
000000050000900006005004003060001000590030067020700040400500000000023010901000005
049003000050000000210504790001000052000000149980000000003002014000009030470300020
029000000001000084300000200100000000034500000298000000007008300400037910000409820
010002030000000000270865000809050027000070000020600000638010002090003080000000005
000000000260000070000030500001082400870306200000540000140020006000003028708001000
306009052010000903000103680800001060600397000005068320150000000000000008700002000
000800600961003000030100020007900000000020000100086057000030060600700010000051078
007038040500000000000000083070090004003200095000005100000000001001500030900040000
700000000540917000000600090800490000000000680051080049190040060400038000003000000
106720430300090000050604071003500002720010500000400000001006000937000000500040300
000100920830000006000007000400793060000010000081200009000600102000009400300000080
007005009005470200000006300001000400500910700000504023020000960000000000060201000
901004805007008000040060010010850067000010090004700000000000000300080070080090006
000000802030007090802004000705620004000400600300075000060000200090000067080000000
000200300000050000508430607800604702000000800000500060040710008000000500603800400
000403500000600703000021000030000100501000306064000005400092000000740920007300000
000008634600000000078040020800000070002000010000010308040700500000560000051020700
007000000006708001003000090040003200309200007020070910000804000000031600904000030
500720903003500020090003400000000000057000000200000004030104600600007009004002307
805000039923000000060008000010500084600003000050090020201000500090000000006840010
006098005009000002000000300000045900010000020000201083030000200008430010000060400
090400000400000630003000009020000005006100304050020160089060412200080090000000000
020000067000108520000000100006200081008315000000807000000700050305000016060040200
810000000040020017000306000008000041000004500250000380132085000000000000000761000
010000397000020000030000080004000078090007005100042900000000003007000050000053812
006051900403690070000000008907300000000064000000000040070030000301700600050000001
300000010800000005000780000019000070000000054000100008500023980040000000008010203
807400000000000700003021008050000300000000004200006050000007000518302000700080060
000700290000005000560080030000904500800000062007000003004090000600007080080003400
000032900304000000000050000050000400000601050000020831029180004060000000008009003
400000030020007460009100205602050000000406000040209000000004050900070003050030000
005000000430000069060080510089570304701300000540090700000000040004000090000600800
003000000490010080000000203030806090009000001600004000850000000000080600002050830
030580900078000500650200000000300000906000000000000080560103020000700630800920705
004301600000000002009040000000063000200470003010020004006000109000208070090000400
052000004300000000800000900080309200900004000503080070600430000009507030400020500
086040001002070600040000708000000104070000002004000090010096030400087000007201060
000500000600400005009070004100020700000057000500800000800600040090000026260094008
000903000200050000605800010000200000300108900000036000920000640081000509030000208
000000000200005000056009740000004000872630000000000360000080900000000607040750803
089700500041080000200010900060400020075000006800100709000820000490000000002006400
000000830000000056070000004000006000006048020400325080054087900060200070800630500
051000003008000000230000060800650030060304002000002000320010007000800000700060450
001600000302900401000000030007302000000007020000100000003501004200004390094000700
000470009090000307705090081000068000130050096400700000000005010040000000000016000
000409005000600000060302790000040000000000052540000030370008260085000000000900040
100900000000060000205000000400000100060380050000500040010000009000002308000003026
070000000600007014040059003008401070000005090000000000700004100006003540005798300
000491350000300000000000078004070080079000400010500000097000060300054001100000003
010002098030095100000017020190000000074508000000009700002000040900030010080000000
000840300050060109000000000076000000010005000004030000805010706063700845000000900
209010008007806300060020000001900007008000001000050000000295003700600050900100206
040500086600079000005810000050000700007960000000040000900008050000090001006002070
800065190000048060050710043409000000005070000100050070007090010010000000340000500
001900507000080002000000000500000400097200800602500000000002008985170064026000050
043801600000600008090000000000900501000036000000012009000004300900000850035000100
050400000026000000000800060005068043003000005040003001090005200030000014164200000
000000500050803674708000300090016850003509000004007900060001000000008400000000001
000002060708000320002309007000017090000000401000600800000003700300401609200060000
750062800000700010030040000015000000620400700000650400002030060000010004000000250
004001007300500100090300050600059000000000000007006000002000043000070000100005692
600300020703650004000000000001008540000520370060000108080000000500070060120006000
806000107500076000000000004009000000008061750000900801700654000000300000405018000
000000000001900580075840060009008050400002701500000000000780096000006800006000275
050490000002000000000300047001060030070043690009100000003005020600024005000000060
001000000080020070030000090002400380000030007000170420890001600006080000700600001
864000001005900607000501030006000000570000400080070000000040050000108900600007010
098002105020504006100009007060900200070600000004000000700280000000006000010000509
030008000000600003000500000001090270507026800080001000009000761000100980000960500
700003100020058309098100000000002500107000038009000000000005060000009050000630000
009600000000583000000002750010830000076009200000000000060050000250061030700000020
700050000010000008630800054148000907079300000000000080000000890000000041000106700
000080905046500010000120060000000891000600000010000000003805204005004600008230000
800006000709000605020000040007390052350008400000000070000800903430050000000000020
000302610070400000030006080400100050000000200200003470005000700060201003000007000
600200803009006400000000000005920000020605070000007300000080002050309000300000094
006003500700000006309050100040000010000004003000000050580030790001005000600740000
000280010000005000070003620009072000006900000020000980010000006500006003000108270
620800079000000010108004360800200000007080000090003008003100000000060100240700000
030014000000000590000200000000002009700090603100400200520070000400900000013000005
060800500200530006009001000000020000050000090030000150000310064020000035006400800
000623000002070000000005906509208040030060700000009230700402080000357000050000000
000400100000200090000001053210008040380006002609100800006004020000000009100900085
107000000090000000003469100079000000600500000580001000000096400308007090060130750
693000000020007000008600000045030960007008050380000400900004070030085009000200600
085009000690702000004000002003090050900050607040068093050000006470000009000030000
003000817400000000810000500020000030100002480070400600000000004000027005305040000
008000001006000000910024600000300004300012860070000013002091000080000009009876000
006008395000000800050940006070504209000203000000000000004000900000600040093070050
009240000003907000000000000608720090030098000070103002067300000400800067090000108
000007000100805000000600902000020071890000000020050000900001500007006000530000060
200007060780000300506100000000000800000090010800006207070001003009008006320000008
000800030402950008000020600000500800020000000036001000004060000080040005009200100
027900400000000003005080000070409010000000300048020000004700080230850001000200000
800900070000000010034000000008000000260000180040500003600027005007608000000030740
003240500400080010000000000030000800000500309000130042000000004105000207080009100
200400700605000020040003008000008000500000400080700000000004006007095000000280340
060000100000000050805700046206007094090000000470080001000570900147900000000800000
000090070002070190000000002103040800045200000920000000008005010000030050007028940
400000089003920001000030000000309600004082000000510040000006050900000006020000810
040090000507003008000006000010600082000080407004750030080000004100000000060500003
000802170000790800009010004000400090000000000025073400000058000001000002040120980
000080060007406000080103005060000210000600000308020400020008000000000724031000080
096480750010090080200001090000010020000000000020609000000067000180500006500000400
190080000070400010006009005000960000840010700000000030000800074500000809000000600
080000500954008010002000003003900020005040038010032650000000100200004000691000000
402700500010806000007100040300514020100020006005000000040000030200083000750000000
090000103000720400030018270140000000050040700200009000024805000800001540900004000
000400900700960000405000020060009002040050000002000091007000040030040056000002003
000004070000010049940060130100070000400035001000400050000052600007000900000306004
000090000700001000000064800049007620000000090208000031000019000017436009600000040
720000500030000071085300009000000920050081700000070600000025000000706000007103000
500006203047030000800700000200000405304027001000000000100604050002010080000000007
000000708000708500000005000086070204005000003720603000000300050070802000010000806
036000000040600010009504008000300104010009085004080036800000090000100040000000007
000415270000080010000027905000602009000049050007800060071000508050700000806000000
000100230006000745008050000000000402034500000500007000000402603010000080000801000
900301000001078004007620800000060000070000000069030041000000000800000120426013080
400098300130000000000000618090400000005600071000009056006000800000050060900000004
000100030000004000080052000800300010054006078020007000071000005000000300200875000
064010890090400706080000000000090070020756040000000000008900450006100080050082007
000000580030000400040830207000000091085201000300079000800000050000100900470000000
000000145000080000004700000008000003410003800950000700000400007009057030300090012
000732000000000400000005900504300208700900050002000041000089100041503000000100070
082030060300400000906580000000000004000005006705008000000000200540800670007900053
000301090005080300000004070900000000010760000003000100050090700600003400030408601
200401000050000040000800000040000005080570006090028000004009602000000950810250400
500008003702300100901200000010000360300006090000000007007050800000000006060080071
400002560002050081000008400000400000010000000700000050000005870500090610604700020
060420000501000080400000900800100049196000008000300000280040631900000002003000800
040000065000037008600008070000090040890004000200050000002300050005000007380070024
650300000000000106000000090940700600005080070010090040006400007007006803090003004
009400730000100040200030060005290000004000050000000000056003900090054100010920670
900000000000080600052900003000000000001040280000050000040090030009230806600008450
060200500023009160500006020002000000000010000190005000000030400001062890600008010
009206000070400000800000000000900000001063408207080000003000240908030160000009030
500003000040089060000100007098000500700460003000000710000000000800704090400006001
900030000040000005503000406800260040000003600002700080000000007397020068620000000
208157003010908000000040000080400900005000037004005000493700050000009070170000000
680309500000006000000000000460030001020095600003400900300000000090002084500000260
600070030807160400100200000000000003000000200000831070300600900000902004001040708
004000709800000040005010003410009030000020007500008400200000175087000002000000900
005001000060875000000000061000063040300400107070080000001020030084000700000000006
007600000906004000000000903000420700700001080082007109000006007000030400004102008
090080603000030501000000000030900062500010000049800000806000900014002005200000000
730090058005000240840100709390007020000430000000000000000023400000700090500900073
320000704008490020406000090000800950070050000000030008000008009000000572005007600
000080000002560001600001000207000004010006000008010072050108026006040709090000840
154000000060700005007000900030000609590406023200001004640070000000500236000000000
004300051031702090000000000802000000090000000000190005000000018078204000400050030
014000000800067000005400060086905400000600010000021000000704001040092070090010800
400000051010600020053109670640090003100002000007040900070000000300007000006400000
090000050006000270010030008000006701901000002070009080000000810009000005200810300
000000000007010000690007502040001700729000003050000090900700050000209000005040030
003000000000002005709084020005000091000001230040900807000500009038000000072000040
090000040000304007000000000000000030050000062003570090600009023907060008800002600
030024600000000010068100500095000021000000003610400000000900005046000000103000080
700006001000004000098000470100000050000050090003000860047000008600100005900000700
000782000000100007000000006000400801040020000080001900021904000600000400030870009
000004806008200009030006015000000508090000001500600230000080000060021043000400000
700000000200000809809000260060810000000000000004600002000082050900100600058090100
398006007100000000000000001000040090020007080800021000200603000030009400000210039
200100000085409001004000500000000080090046000670000042000001200002578000007900000
000000300802060000060000000508000001306005820070000000710000080000043200000508703
060000307004000000007000850091360080080001000040095600005000403006059000009030070
800000050079400001000180790180040000605010000090308000004000300030700010000850000
097000000000030240400006007000020800040000736005000000900000000030004678080002309
000000760000390000700010030260708000008000040490120000070000000800900410310400600
000000000000600097000000321000000000301090870600003910046020000100830400200009080
000600904080400000009000000094500600500800001010360509803902106020005000041000008
006800300030400006018000007000000492007304610080009000070000104901000000003002000
000009100000052400084000007109000000000080000068040719095200006600000805000004000
000030008017009002200000900000000000006100090032000060040900700300800004080406000
000209000000000010000053408005008000008040090060190000030005100590080020000000083
006000900800600030004009005002090060100300809630508002900030000000100000503000070
002540008705016090001000000600000000507020040000907605000402000000000007300800009
007000002300450000500010000045000203108300000000000701600500040000020300000801000
600080030040160790800005000090001000500000400008407000000008000000050640000910050
000470800000806700000093005100000060400009501060005098005004000000518000007000000
007200000000000000080003000098170304010300070002040800950000400003400900701095030
100800067000006190002000000070001000605000040080070256006010004500700000000080520
710400900005001000306975000000000809050008064008704000003000005500000030070100000
090000010054000000208000005021000000000040000680002091070010800040085060000609002
800000100200000007074002900020000070000000000580000006000600004700098502090004010
004701080700500030000403100006050003008300046050000200000000050000200710020080000
009070000006504000500109800700000010091000700004000982000400100205006000000852000
806500029500000000002400005000006983000000000008009062000020000000630090040008100
060000032930800010008000004214000080806003400000000000100060259000000000603002140
004003000806400000900010007000000103000090400000000000030020070200700804407001960
000704026000820070000000005000007000050000009000068040100009400790200010068100700
800100650050090080000500094000007018601905400390000000000700006910600000000080030
908054003000800000500019400140000060807040500000071000700900000030006800005000000
003005000000200810200080900090003074000010200437900000040030500009004000008000000
000005000302800010000310804720000046508000007630020001000450000000030758000107000
070004000000000500000002030240001390080000004009050080700028100020003750001900000
050040397679080500000000000790000004000903000000050000010530086008000000040860030
000001000100060000000345200402107000500000000000804050001003500608002431050000068
045000103702401809800000400000507902050900008080204015000000000000105000000028007
000029004107800000020701030300607090006900400004003080000000700000000018008000060
400029600001804020900600010000000900000300208203900147000203000862000700000000000
090300506008070002620000000009030000000006705050080040200000000040000000305027460
020004098800000060040600100500000020400002019980000000030008001001040600000203000
100605300200000040700300008006000030000003600020000010030010025070008000000524000
000000006000791024080600070020800090005040000070000000600002008700050240000109005
650008019100060070082100500000940000005000000000201090000754020008000050000602000
000600100040000200000000650410023000005004000000050700008200000050170026036000007
078005000004300000050000001009400006400900080010060030045036000730540800800001000
050340000980700400000001007000030040007600000090507300040005809000010000070000604
000800000806004000040070020000040093000302470008000050003000062005003000070005900
020006008600837000430010000870300096002040001000008000010070002000000100346000000
000000000300809004000000302004200003006403900009608500180000009000300080002004001
090000200600302950000004006500020618000000000000980000030860049004005800000000005
470006050000509040800074001000000000040050100601098400000060000008000000152000908
306080000050070600008015000600850000002000000070900306003000900089000010100003002
000023008600007215000600070005200100302006004000504700000100000500000380001008060
900010000056000000000708905019000800500000000080507200007009080000000012800040060
520060009300001080000002000800090020031000000900045006090006000103000002005400093
100307000000091080063280000200500007670000093030000801000800002005700008000005000
000009107008000030000000602200086000000053900005000008100030860050060070030007025
000006001000000630000245000000000000107000060000723000000300500026070004035900720
000000430000000008406703010100002006320004180040010205080067000000000600000000004
000000050802004000060800007000600200070200008000348005000003090400002706907000402
000507000004269705060000000050900600729000040000008000600000009032804000005030004
410900083020600000009050004000000090000400001900080025130020500000004100800500030
604030502120800004005000300010504000000200000000006028800000906000950841000000050
700000000910003040520800300000000080050904002000021000000042090000500030000079401
300040900028000000000000701901007028007000090200500400040090000000000007000801500
405700006000020000006380705000000804004000570280000030040000090890000063700000200
000008000090001450700000001000000090080200370000503002901000000003002900042080100
000800263002000000080004000003270004800000010200000006000100000640000530010050807
000007603050000009607000000820009000000185200001600000005030000070900050209050786
000000500300000000000650034001900400500010703600007090903060000107020000005309107
030600705090070000005034000907300000000045020080009607600000004000002000750000008
003020100604309800000170069908000403000400000000000700000000280300007900270908000
003000040705046029020310000000090006100000000046000005057009130090030004001000060
160040070000800200400107090280600000070000000900720000003400900600090000700003024
752010000000400000010080000900003710500000400031000002090008000403005070000020085
000000070000000603070030800005093000010760029700800035060080007230000090008000000
000000308020000000300200106208640030900000004500903280040800500800300061000000003
000007004000004000305200060004000000126030000730000020090100405000005200600043910
300000100000080926008520000900038040000065009000000280000409000039000500000056001
000003000050920004320506001600090000830004000004000003503000000002000040090061000
004050801090060000300004062000000000240010300650293004080000000030800000006530000
309405800000000005050206070006904300807000000490000002084700000600000000270500000
530000021094000003020003080000380600000042009000000010000490005900106204000000000
000000090060050701709010600000007010100020000208006000007600005005000079300008260
000926300400017600000000009000005100040600020000000057015000900090400002000000010
000070908000208030009040720900000075030000410000800000000020300480100097000005000
790203046410000090300005070100542000002900100000600030000004720000000004000070009
480005000000030000000000039002040180100002070009058340001500000090013000000490700
820030000103052400007000000080000040000700000000081020000604001400020003601003000
030000000407000000628300009000860302000004706004900008003000050000000200705200903
000051030005320108090400000400700000070000200000040800004000003902000450700800000
750308004000420090002000000300004000001073050080000000007009080800200009104050000
200040501017000030050108000800920000500300007009050300000002008000000750003000140
265000810000000040007500200080000000900061000000700062050007106800000000006000490
000020690094050071007300200020007000000000010406000000001000005040510900760030040
004005000000600000007208000080304000000000060300000100002057610700061043010000700
000508000006000300020009600900000207003804056000000080000400800700003042050000009
000050470010008000003210000007300100802700006000600030070002013600000005000000002
000000700089000053107000060000000072000000300063207090051003600000102009800006007
306008400008040000701000600020300000000000005000100208000006053030200860000007104
009000400000000073600078005000910080300005000010400050000164000080097000070000060
000000040009000008040000000030006700608009100120300800870400903000000016003100400
000060009060103057510040006003000000000800000050007008001604080400905070000080003
418070000706150000000408000000501086090000507000000000009800200004007060060002000
039001007400700200000090050000000500705406009046000000000007960600003000090000003
007200600060509080000160205090000006600000030050900070001000008000000300005000091
065010000001004009000000200000050001000620900030080064040200008023000450600000000
050006000700000080800490000006980000475000009009005016000500402040010000000260008
007005000540010000800002000782000053900000000003080000308500102200003790000009500
709005800000060007340700000050089600000003200608500000000090000405000030907000402
009000201008300000050001048006020005000000000000000900900008502002950400015003006
800006020006040739009000800000000106410008200000070000903160007040000090000000000
093002007102000000740600009200900008000004000000000304000390080600070042001000600
000610007000000400690070030008040050000006003005830610010005000000360008000481390
000074000000300820000090005005000072004000000029000643002007080030249000400006000
005120009000300600820060070190000000700080000000000000208095106030600000009000502
600003705050010400008400019980007000000080007005000301000070000000300054001040000
806501004035060010200000600000009320001200000000850009900000801000003200020000060
000000016950000000082050009508006000007900000060140000000700080800600401000090007
000000009020800035003074000000200003000080000000000980830609570090000406607420000
040007000003009050000008090020900008705010030019083000000004700000000002200005089
050700090000009000000351000010097060000030000890006010061000350047600000000400100
070010600005049000030020040053004102001590067000030094020000000000000006000000001
000000001300700400800010092060070000003002009400000020000260030071308000000009000
000020100000810072000006000000040600000078400000600280032001060007004001080753000
020000003004700005601000800006108030400070206010000400100000380050600000803000000
000180000315020000000000006030006700501200060060500000008010007043800200000060005
009000200040006000008007530002703640007000000030500700203005800900000070074008000
040050080000000207200803400070280100004300060002070000000400803000006000003090004
090051300000620700001000000005090602600708000180000000800200010000005000003800060
000060000306200040000400038940600003072009000850070004400506200020700000000000000
020000500040200000301070240008003410000840000000009700050017000009530000704098000
100000068000000500805007300908705013500013900020680005000008197000000800000000006
102804370300620000540000600000267000000540000001000000000700500080000706200030000
700409560000003000004650100000000902062300005030500710000900000000000340000164009
000100004700003010000000620060045000305008000100000060020006005010780000800000000
000000042100700039000060000003010074092000160000004203680400010071090000040300000
000070005002040301007000000080700000000009000040080203000500020508290004400810057
005007209207000000080000000000100004549032107071950002804020700932000008000000900
006040532251000000007000900105000070600300000090000004000907060340000029000000000
500000936000000200029000007000075000003209810010063000200000000050000390397001000
009700000000903100000000040073402000504000020090080005000000090001000207400830050
000006008100005030603200700000008000000050000050710806014000000070004500280060010
050200000010760000000900705000010090900500004041000073070400050402000000096000010
000500700900600580000000090800000000003029000070001639000050007600007310100800000
007004008080200904500079230100000705008000000470000009000902000000048000945310000
030200007000600009002700600000008290000050803809402000000040300000006005000309460
100039500000000308080400079000207005000008000057000002015003090090740003024000000
000000840000000000004200607000700006000034902001980070308607010002001000100320060
108000007000000600000090284090042000002810000810950006000000000500000078700000105
082106000100000070040037060000000000001009786020003091000001009009400200000800000
000715402020008075010002003008007040000001008000040000492070000005000000030090000
008230001000000006635100009019000000700005000006980200050700000001093070980000000
507900000900600040603000700796052008350000200002000000000070300008000090000020500
000000000090107400000405000000069700000000105700010200009000020040073060005204900
063000048900200600000500000030000002020409000605001030008300050450900000000008900
510000060000000008930100000060014080495080000000306000000400000051600490070001500
003005820000000000020080007030000009080021360215300000000700000009012000670009000
036407280500208000040600000000000010428000003060000500054060370000001005000000006
000010092090000860000007500002508010100004000058200409000802000000000685009040000
600010000053000000700509603500200009041000306070100020105300000362050700090000000
070010065081900002005200009000760000060000703000093000000030050020580000000071006
830400510400000700020730809000051200000820000009000000940005120000170000070000050
000400000000103000007620900700000610150306000090004020000500290000200407900000003
000007001600981042000400006000000000009200603004609000371090000002008000900002700
380520000500008020020040600000600000041000005250000000090306010000010004100000360
000690700040500001001070200020000000100004900980000000002000407075009680600040100
000000900006010000791860005008050000067201090020000000009026810605000020070003000
560400020000003010001200605005090000030000560400302000309004200000000040620000079
000000214000001900009300500000000000010080000600095020005006348000500000900030106
504009023020705000100320000600000750000000046000000109050000000200090070796000005
002703000509000003000090102000004010703010060000002500000501000300907405000000300
726008000005000000080370050502000000004090307000430000600009000008560000000000029
082650017407100000510000040600040002070000409000000060000900000005000071800706020
306000020000030000508402000000280710000100305000060480074000200001500000200873000
800000900000506000500320080000000093000000020080040705060030074200000600050400008
060080004901500007070200600509000470200600001000000902702940000000000000000058000
000004001009006000000720000850100060630000000402008005003080010000500084000071600
100009270900210580000070900500400100408003050200900000001850000000030010030000000
700004203301000000040250780630007000080015060007006000004000000010080000063000002
107080390092000000080000004000056000005970100000102507051090000600000000900000830
000764200720000130000100008070000490100090000300002000000000006000400700010809000
000004800400000000010000003060003000000050080809060005200000500040000326093080410
043600000000082000072100006008000000000706340000000107004050700000210800001000032
300006000080040560020080030040190600005200400200300001000010040030000000904000200
000307020931000080500090040003000100400000007000200000020401000080700050090003800
003000020610204007400700650000000003096000000020009000700010040040005390900000200
270001000000620000000004009000080004007100056400569802024015090000208000050000000
000900801040760000000030000005040080800009060000000010050000000000453709074081300
800906370064100000097000050000000540070040016000000009000000000000003080040019007
000901430000005000060400900080000200600000000400009006096010080810030002040008053
804060100000100000700080005000500000002000000050002034001600040685403020200001003
790020004012040070000000600609070000040000000008000020080401006930062700200980043
600000008000300450005006710009000504100000073078000000001000000090480005403170900
910840060000000000240000030180003046090000180020000000000031490000080000500600010
320100000008000000070000601950000306000005280003000010201003500000600078005000030
000000017070306000300040000000002006001090400800000000400600080006708930020000000
000009064000036000100800007000100000900000013600085000090560000040000080003097006
000006032501090640020000900065002710910005300000000009002000000059007001006009503
600700000000059000027301085109006020000002300000190000500000030386000000290005600
001005074009000800076000020000080067000000948050000000700056000108002000000400012
000002090090700536008690040000000008000000905000940000006008000804503000570400200
000000051005020864000000000006070980000000020084500000020806000041257000090004000
060000004000140063000000900000625000001094005000300008300060801009580400000030056
000080000600070000000002001900000000300007680006004302870100063210800004000000800
200000040050920006100000008000000195000108024000000000000002000806301450040090000
409630002100409800305000900000050200000000004200000000601000000900800000003104095
080000500000000000620080000500200180010059002000078900000903705000020000391060800
380000710090000000001600000009700100000000203008003090027500000050020080106090070
000500027500001090090000008000000700000006000020410060760005004904080200052060000
080906070000000000490000080060820030920030000070100009000097000000648010000300604
000050000020003085000908000009085603800700000100090000000600170300072059000009300
000007000000015203400230000030080065050700008100020000006000800020300000308100000
340057800000080006050006070400000025000140000000000300200003640000200000801000030
050006094004000100830100000090000000000400610310050000060000005000080043000309700
008079160000000050100048000075100000000003900000080000600054000480060000300000070
702500009009040058000600200000006000000009400008000905006030040070080003085400000
214000300060008029800000400000000000000947203000802004000000002300000907000691000
000630082006700000890000004000000030400090600007201400070000300100000900060400008
000000000000800000070000040507004008000390002020500070038210900050080001100040020
000130800000006024000840650000000301108000405000000090620001000005000000003500206
000005106010083050000090037300000098007000000000001300006000000000060079900034800
090007008681000002002030000000000050000090003309080067800000100076009000000070080
000902030000000000172603000000000080690400010240000000020700103900200040004180600
036200051741000006000000700300007100120000009004000000410000900009620000502000070
080003050000000300001900402009430000003008000000021500908000000045000070230010900
900015000000300000080790000000000000597002080310009005000203800230081009100000630
010800700000002090000040360900007000000000000860490000000008002080100607731200800
000600009000051280005009400506100000023005004004020000060080003302000000001000800
000000700100400050000695013001000005507006090800000400000300007000087000005040601
010080037003006090680020000000009000304000000060040720006012000000000008000700960
020000000006100000000070060850906030001050000000003002090007025100008076007000098
500010090009026003700000400650000007200003000007000010000064000003000000100379026
350004000400100090029000000500000800080047902000500640000005400006800005230000780
008360004100000030000007900000001000407000000030028000309700061060100493000006800
000600310050207006100059000007000802000000030386000701020000603009002000001000007
000050080705000000000006090900200000001740008600080900000004000076100000508000720
051007600000000370000600005108000000060102400030576000207001000000200006680030010
007050080006039000100608043800000000010000037000400100000700000060800005300096810
039410600050000200002930100020007040006000002000000500000026439060540000000370000
000000000001007002500018009420000013000402005090030000800200001000103590070095020
600001004008092007005470800000600000980017605000040009019084000000060000000005100
008920000002007500000450090374200080000008602000300000030000006900000307820000059
000090001060500090840000000700065920000000058000780000401600000000400500270850060
508000000000008000463000090300000540209004000005360020000000200007200308000090070
008500700002700900097008025000090300040000000000000050070080203080002640300060070
004008006010240008500090001060000000000000010001000540000004070800050000005619804
050002009000040007000501400080100090000007802000000600002700000000460100608025000
020070000000000000104305009040000002000920010700080090005200803009004000000000001
000100050900008100002000000030001006008056000150700390000082007000500830000000020
301000040000005000007800500070500000108070030032000060004000000000002074820300001
009006070260017009018005002680000001902000306000060050800021000005000000000080000
200460070060800000089702000000009020507040000010607005000000000006500940470000200
000000000000038000000015300809000600650020008270900501900000006060302070002007035
068905000013080000040031007000809030000000150001000000000600970900000500000003081
801200030020030000004050000005000800639000000200619000000005619503000040006004300
000000000000704053010000020170025038030600140006040002008307000000000005000052780
640208370207006000850007000000400708090000400080020006020000600000000240000700035
000000830000004070005000200000006000750902000006000927030500040027040590060003008
100800003340000709000704085500607008410000000006000000600040000093008000800905000
500000276140000050600000000009430700000050041020000300061020007000040092000300000
030894000000300000001002500700050020300020400800000317000000000980047003000581000
940600071807000004000000860000206050000708100020000000090042680000000002001500000
000000894010800000050097000000300000700100005900054380308060000000000700000780069
003400010704008200020000006000000008247000000031040060006020001070600500508000070
000003002060400008500002730790200000003000006040000080007006020080050300000000004
061050200000004000000001030009610080840005000000000005000020604100000900204900500
900000000000007008010850000150280094004000100000030570000020009090004007040100020
008050000620370050090602080000000000300080000080000105200030007000065201000201008
200000005003074020005003007030080900000000008740000002420000801000100700017800003
000470090008000000000810060004200007050067000000005000940000600007680041600000075
018020000020000000900000800007106000000097580680002000060300702051000090000008010
301000002000000000402007309039000061240008000000000400006400180000010603000089000
503000906000000050068009200300000000000000001000020793080900070705008012002100500
090000000000000000000001700580000600000020841020070090046508170900002400007006005
080090060000017000700240000060000003090060040100309000940000016207000300003004000
302000000040008100008620004700803600010500000000760020201000000004007005050000070
600005003307609100005001708103000000006000090000000004409070001761400500000000000
010530000600180009000000030300000040000600500095070301000005010000700400900800050
100087400000000000300601009090003100500000730060000098000400080900000301001000507
301040000040700010500000090008001000950800007100000380030000006000003500007900401
060000058090008261500001400001090000000467000042000070000509000000010000800200040
000008500130020068070306000000000480540000600000000003000230000020817004001004200
810400300000050069060003420040020000000010000005000000900006015100005002000890040
000003000000200040004070200403500000007008064060900700790000000006000028308400090
001050003000400810800000004203800000000000140000706058602500000100007080080030006
906000002000000058050003000387000501000000009510000000002080030601950200070020096
000008074076029100800300000000000041019600302000000700000004000000000896000860027
800501000000000000547000102003000006752800003080000040000200080000060200000005704
040095010501204000800070000000000500000000690092400080060800200074900000000000040
004000305500000008079000010083060000907000006000090030005008079000700601040100050
009000001020008000004000080980035000030000200001900000018002074090100520003004108
000009040000126000086700000004060270200004000369000000000000009002400001690008002
008600040492000005000000000000057080010000509900060200070000000850004091104009000
210800030800000000063070000370208100050000000008100000002007005090010008000302609
500000038000048500680020001030914065000502000000060000490000003800003419000000080
600000030080007000900052006070030008004079025050406700000000089240000000006000000
007040000065000000000000940084050060050900000600080300030000000900670204000205000
000000000143000000000309042531000000200400060009000003000060020000204031080103600