000030708040750010702008940420000007500203006300000082075100609060097020103020000
719000400000009060008073500030002804102304906506800010004980300090200000001000689
002000008800560490009801030305002004046080720100900803010603200093078005200000300
307900058000500300008003019090000786016000920582000040870600400009007000160009807
047000020300067004800350700050400602108070409403006070006085003900720006030000280
004073006107900003530000094005100008013604570200007600760000045300002907400790300
307009500500030002620070400400050107230701094901040008006010049700060005002500806
100002906000014030008390270005201780000070000024803600082045100010920000609100005
205046108006900050004051000000013042600000007430620000000890700040002900109530406
004002701270000893000000205012098000007205300000630170403000000826000037701400500
020706004001003000703090210000034029012000540340850000084020705000500100100307080
589000201170300040320000000000820170010904020097065000000000094030009017901000652
400900087090000130080431200800090020301000906050010008005879060068000070240005009
090206007600081490402050000008400701300070008706009200000090604069730005100605070
020670090340000028000304000480503076006080100570406082000801000610000047090045060
090700020003095081700300460570000302009000800402000095067001008310820900050004030
407030062020708100600004000000041320260000015014950000000500006006407090190020507
000062000506030140002100008900080750875090216023010004300001500014070309000820000
000000001100293060706041080060004520810607093035900010040710906050468002600000000
007530401004780560300001090450270000000000000000056072010800004048027900209064100