070602085000001640060047003009000300100209004008000500200870030036400000780903050
000040007908500042005900008000600085002487100680005000800003500370006201100090000
008040009240006030000700060020009706300471005907600080050002000030500041100080500
300000000207006050090000203806500394000648000524003607701000030030100506000000009
980065020001940300000000000000093008200186003600750000000000000005021400020430057
073600000800070035005430000360000700009000200002000014000093500650080001000006820
000178000000009004012430060806000002050090010400000307020013680300900000000287000
090210000002040000067305004008036009900401008400780500500903420000070800000052030
100360009003080004080004030800900410001206700037008005050600080700050900300027006
061090008279805030040003006000000059000204000780000000800300010030601285400080360
008006100500300029090072000700850200430000085005049001000760010170008006003100800
000031200260070040000006709009000084003000900610000500501600000070050021002810000
006500100000970030390004008009081007810000042600320800500100076060057000001006400
017490200040007000960020040009080100030509020004060300070050082000800010008041970
006200904003000007000058060004000031005914200120000400050380000600000700302001500
850046003000130090003000008004600029009000800520009600700000200040057000200860014
090010000300950000240806100070082300003105700001470060006308019000069008000040070
000820430068100090000053080050000900002090800009000020070380000080009340035071000
000073100410602700700100056005000300200000005001000400690004002004306078002790000
907620040000000920600900008200700603050000070106002004500008007048000000020014805
075820900000004870000006001004080003300040005600090200500200000016400000002058160
060347000005020000170050040000000002790432085300000000030060059000070400000985010
020004000150090020074210900001030700060801090002050600003027140040080039000300070
905306002160400000007210006070000080001803400050000090700029300000001067500708209
001000000456010300200805001500020040307906102060070003600302004004080935000000200
090001300500029800408060009124800007000000000800004632900040705006790008007100060
509000000080030040007900105406800000075401830000003704801007400020090050000000207
002600001600500003038027000014000000890000017000000450000290130400001008300004700
073205400080003006000040029037800000020000050000002690290080000700300060006109840
605300008000085004000140705900000300008030900003000007506098000800570000300001802
300000642008407000009000003600700030400302005080006001900000500000604200826000004
000630400100000060045082010800700130200000007071008004090840320020000009007095000
000067004005001900090850600900000006480000012600000003003079020006400300500130000
001503062009807001600200400900075000000080000000630007006004005500706200740108600
000042300000130260025900400008000090040090080090000600009001740052008400004260000
700130000009500200003028090300000009450000087600000003040910600006007300000065002
030000070001000800000610900005470090012389650070062300004028000003000100050000020
000020090000004100400703820012060000006408300000010970023106004007800000080040000
000004000000032016600070093020000600910283074007000020560090008740850000000300000
020850370009024000070000002091008005700000009800900130100000060000630500054087010
001300060090807400040205301009072000000080000000150700607408010002701030010006200
300000000079010500008095000050020010423050769090040030000430100002060380000000002
001403902004081007000006840050000070600305008090000020047800000300910700109507200
040250000001007002006001730800900600402000901009005003064500200500700800000069070
100200000604010007000040168049700000010804070000001640391080000700030804000009005
001230000000000405000009130009670504710503089405018200048300000206000000000021900
200000005000860001006000400500670300704985206009031004003000500900027000800000002
409805010200760000007010000003084020020106030010930500000090300000057008050208107
160000703000090021000803600600020438040000010219080007006705000570040000304000075
006302070200040300000900020040001508002386700801500090010008000005060004070100960
000004200160000800002360140200810007000000000800047002095028400008000095001500000
000030956090100000063090070302700000900503007000009603070080530000002040289050000
000035002010708500250000031370260005009501063001070000040810000096000000800004000
014690000000024090906000047079050002350409080001000050000500000000200805285976000
010200050700604109090000400000008003900746002500300000004000070807401005020003080
000706500009000000000000014000500000632490000170028000050000080200000963384010700
015900070000000000000050006000090002200630000006081754300840090080300040702000010
093800004008204000650007000000029000047100006310500000000000001000000052760900308
