010200050700604109090000400000008003900746002500300000004000070807401005020003080
000706500009000000000000014000500000632490000170028000050000080200000963384010700
015900070000000000000050006000090002200630000006081754300840090080300040702000010
093800004008204000650007000000029000047100006310500000000000001000000052760900308
049107560680059010002300040000000080004700000700090300000000820000000600013205000
089600000200000060003402700006000010000000095910305000050820000047103800000070400
001453009360010002050000400070026000000970008000000090003800070008000006020104050
000020054470000000006008071069000000003850000001009083502000306000000700010002490
000502006028000000005010000000064070000007003100000954200001089070680300004093000
006170000020000907400000000000005702084010006000080500340200100068390000009500003
020090300003047509800065001000030800051004000000100060700000002004000070062900008
001300000960050200003000080805401000700020000400073000000298160000004500000006079
020090300003047509800065001000030800051004000000100060700000002004000070062900008
020701008000005003008000509080040000600000700000609302006000400051020030700904001
000000040200307090600000107040509800000208010005000009006005230300700006801400000
075080402020001030003600090480502001000406000300009500000000000000090708007000106
000070200400000030800400070007600002050900140000001380000560001360009508900002000
030000050570090060261000800800000000900704500003000000004100080000060210027400930
010006040005039080090724000800507020000300100000008005020600000030000760000040091
043800000050000009000079400000087000062004005810006003001693000000020500200710000
000000000901000008072000010039000000000000630400806052700510000024060300805009740
050074000901000000030000020006900007000030601009840003007010002800400005002560800
000040000007001003000306800000009010005007900902500084300700401050002600006800002
000603000003000000600000702040500008300400107000008200900120070081059060050004900
000000000300982600000671030200000040000006907040000051908400000037500200050000018
000080000002090600040072001050003200030651800000900000107000508300700004400009006
010030000000007006007850020805009400000760008240000091030000500402396000001000000
070900020200000083000016040090000050008001700050678000942050000300164000000300000
000090040006100802100040059001058000020000000000063070804030000000529007700000306
001402006040030000950000000000070050700003098830040060200005000090000001018760020
010700004000240701600090300000000045700300208050006000030802019000050006098000000
007040906500000004000010002060000537005800460009300000000200001000798020830100000
000800463300000050408005700200001900010058000000603000040912000900007020070060000
000000109082400005001600020040300000720000000035976008400809060010003700000005000
025000100001000600003000780008200000040039805650004900000420060730090000000010070
007000960240060100018000005000093000090107050020450003800000020074006000300000008
030000000000050080407003609900000130780000002042189005004000006150002007000006000
000004008603005700004610003807900000200078090009002001056000000000000005300401020
000000060300102870000500014030000050800009000674000008050021603000490000007000029
050200179000000000089070006000145600600300000003002400008003500000000000002059741
020008000070049000080630002010005900709000008800000600300000060052907100000350004
305000000008540001000726000807004203030090007000000060000002000009300010060908420
006003000092001073000008500000620000000000249000000008560804100009000007710930050
400001500060200000000000010002005800307000059050090470003000286600000090009780040
000000293067024000000300000003490600702830050000100907006000009100000702080000005
402050100071000000006004000708006031009030070540201060080000000000700089000000503
000062008074300090060000000009048100007200000000006005520030900081000007003024010
000730450600100080300020000080000004070004830000005901026000500709000100400500006
900000040000200000150000009006100000000097360000368470000082950680005003007000800
000340280000080100010006070003800000690250007570000002400000510000900000006015030
010030002000600810980240075050090000403000500690000007000060000038007900000005020
090000010182300000006750020740008001000004050019020680000400300020000000004000506
050020008080000020029003056000000007000190804000300000006940000704500600200730010
500010080640007000200000407070100004910500608002000300083002090000300000100800500
007608004000000020006940080602100003509400001010080000020007500005000090900300400
000006003294000051080000020043098000010030086750000000000000007420005000000071209
000000008082097500060008010000049670517000030094000000000004000700200049003010005
500010080640007000200000407070100004910500608002000300083002090000300000100800500
007608004000000020006940080602100003509400001010080000020007500005000090900300400
000006003294000051080000020043098000010030086750000000000000007420005000000071209
000000008082097500060008010000049670517000030094000000000004000700200049003010005
000920001090000602700160400006000000289000000000034800007005140000370050000081020
006409100003000920100000050068002007045800000000000840004070009020000015000600370
500000000030106070024000001003004009006050020400000680000780500000019007007002930
000302904004000006080090000000630800000000002007000051060528100008700640100000520
000000005010009400030762000000008009093070040002100003004007002007650000580000601
007014000001209600002000900090008002600042000070050030703000100009000460000005380
058000000070304000000000507700500900030120000000460051090630000246000870080000100
100800006500003010408000000004005900000700200070690000030018420000060000950407003
000000060196070800002196005000000000030042180070008040053000000728300000000200600
020350008450007000000090070000005021280906000000000400134000085700010000060804000
009027006300000008064805900280900500000000000000740630040002700000390010100500000
120900000000000009590608000004000021000004005009301070003002500082070000760003400
000920001090000602700160400006000000289000000000034800007005140000370050000081020
000000000035040080014500002000000300002034500000271900000100000263090010580060070
010704002000380600630509100003070900008010000750002800000040000006000005000900048
700080040450920760030000100080063500600000009000897001001030800000000000000500420
200091860006300000510000004000900600032000580700050010000000105007008040090400300
070010030050060002300070900000000008400003020009600001001240089804000060090800050
007351000000000320046700090005600030800000204902000001000186000008040070030000009
045900020008040305920000000000352400000004500000100760300020001600037000000009008
000800600820090403000403000070050030001700086009000000300000007048001090100075020
035090001078100000000500006000010007000206080000900034056720400000008702009030000
040029680000035070006180520008900000010000000000300401900000000060003057805000040
050004709700500003803092065008000406100000030002000000007100800009060301000005000
000000030000080064008091270070000500490300600080600010006000900500107000800030702
360080000000407000000965000900003002700106005000020841409008000607090030000000200
050000040004078000009500700700600000900030062460190000000003001000780000201005083
080900000600000540000870920000607000700019006000283001030090005000000010500432000
005760000000002437020410090000380000180070000006000005840900010060040009003000050
006100500170900060098300400000006001300000089900003005050070200800002004704000000
000300008007000005900050200000210090000006701100090030600003052004800600025001400
900000345301000000000063209000007000840050006002000001009004002000800600008005137
000617089600000000000002500507000140030490007840000600905300002000100730000500000
907800010002007630000030040001502070806019005400300000080020900000600004000005000
000030050020580109010700400000009008003000000250640000007406000090020704600807000
000240970004039100000000000000578000602000050900000407067400000130005060000100308
035000080006020700728030000400350010009007000000001924000000400200065030000000061
070000530500012000083700000004038020001400000905000700010000400000590068000603070
930286004500017000000000000803070200060400100000000009308050600720003001000009800
003800000400106000001053200000010092006000087700090530300400000008702050000060008
003800000400106000001053200000010092006000087700090530300400000008702050000060008
702080000000910070009200830250100400600400005040070000900000001030000000500001693
000319000070000000906082000010000000000600230500000490609420157000050080050008004
500830000092000000300002005009060702000408100000090036000007201008046000045100000
405720800700000520031600000000290010900000030000810400062000090000004050000030086
006004900000009010917200003058000006000800050040003207023005004700002000000000360
000401200090050800106000000430207000009805700802000030000000050200093070061000009
007401000240000300000007801000980005600000038003006000020000690900100250070500080
002006900050004000010035070090000800100000069060090304400007280000100000780300050
400008007050004600036002009004500970005000000300000100702009003000600001018020004
003002008000005700098406000030004002500020073900000000000050060009840010120600004
010802003040903005000070900000100009050040001108030000007050008080206007006000020
000765080400820000800001000700002004054000000300900000002390106030000590018600000
050071000000020340000060018010000405600700000080002039005000203040006700706009000
500009600080054000070000000150800092003690010800240000000076021300900004000000060
000062000300000806070400000000910260130020000059700008000090040000137500080000031
000008030009004002010000680200600800401520903007003000000070000000000090050342106
125000000030080000800006310000900083600704290900062500000070046000500020000000700
000600109408300000590402008004805000089000004020701000000506000300000010000000736
000003040060509070497000000100060030900001002805000710000007200200805100050020000
080000000000405600700103000000230090004509700900070306201900500070001003008000002
500073200000005400009060000008001700600000300004000002902010080700300124030006005
069000072204006150000009000007005300003047800005000020090004080000190700030000200
708500400300080000006040030601000004005002079080000060013007006000000203004090008
800000071920400000000860050600750000700000090002340087005200800100000603009010000
048200000050900068090001000800500000000003901039100020507006030000005000064000072
003090400020035006060000000000000000700040361080500020001000007009060042240870010
590008060002409000008000020070080500086040000000010030301004002007000000005306049
400200039000407000008001000003000780000045020000810590300006000905300260000050800
000007609400000000510000800082000030150368000300000090200001070070040200600570003
000203071000095030203000094000760800070004050900001000006000020030059000010820000
020000800901702000006590200003800040005604100090000006050000070300006000714300000
760000180240000300091070002900040600004030700000008050000201570080050020600000000
007014000001209600002000900090008002600042000070050030703000100009000460000005380
000002890000000050000916730010340000700000908050000000465000020000100003107029006
095000070024008500000000000600005000000710000049360700000020400430609120018000300
000005004080094006604700000000060300002009658010000000053000700007008105900200080
069070300000104000200000506030040200402080070905600080000800060000039105000200000
010090753900000000007020004074000038090000000600002510060309000005800100140070000
000000902006094000003025001387000049002800050050000700000079106001000800030060000
000002000000000610000530009000700005800600000000090108780046023063000040240001870
001000040060108739980005000008030020200900463010000000005260000000003090000070600
000013000000706080000008902031804706000200000007000000020000574300050600040001039
106000002300000090008023040400507010000800076009010000800000004030051800027060000
047025000000080000600000570093010000065040032010800906000000000080900010050002703
000600000004750036009804050050000010097000302080000900020490000300061007000005008
037000004400010000600000820000796030004000000090205600006000300300009082050100907
200000090016005000000009702067900040000030007000510089650100803004250000000070000
070060800100009000080200005092000001003078500408032000000007600000340070000005140
500271040006090000000500700000013009400000300002006410047000500018000002000687000
042000679000000850700600000690030010021000003573800000000009002000105408030000000
056300820008007060400600051000000000071030000800010074005400000000090082200006900
109800400000005600035000000084050020090000000700040800010700000023061709600500001
005060190900200060070009000027100300040000800008407000300900608001600000400000230
002000004600090000500800100000020000463059020108306050000740005070000030080000907
905000310000204007600030000310607000000000070050021008700960005003040080200008000
971080006000207030000500000063020000100009000000040600008032000047000305000805940
500000700800400000093702005007008002920300001010500000601000004009040030000016050
050400000078039000003008210010000000080074000032600094090106030000020065000000080
004003000080520000002000804000700009070000521090001603040010000000600300005378200
670080900000900100093070040000200807460030205000000006240300001000009000705000300
000700280840090007020684000910400005000000000000500309090000006080007010104003002
201050008060709004009000000005140070007000406000000080900000000300600857100003062
790006000200507009040000008027001000300000461000000000010074500908300000500210080
000009000340700250109000400000500030001000000580003061702000300090008005408020006
004028005007059600000640090060001200800300450030000908051400307000000000000000800
600080200300900000000210007902700300000000060105000700090570000534090000080603040
018040360700000000050036000005069700000000092001805040000000030620407100000000920
200050006003000070800601000500000709031090000700805610000400200100070800040006090
010700000300000087005042036900000800400100000260009074000090000180000060006030905
805036000040000000320004050900500000061040070008002061000000703007090002100800005
004859001020000040001060908080001270309000504700300000000140000000000050067200000
700001008004603000100090256000200005906040070020910803000070010005000007000000080
510030400049008006000067005070000000000806002003001070100000200402010053080000090
000390005003000700420070980000040000102000008390800201015000000600504000007080030
900000100500300062073090000010000420000080007007500608000004090061930200000010050
208000000950608000030070500400001900700504120001030000000780004000006203004000070
300070010068000403020054000000026009600807004000000080200700300000060000007089105
023400095560001004700000200307050000000037000000000800940800720000340010000000086
260138000003000164010700003500900000049005000000000700800000000007040250400500906
180394070000020300000000400200603000004017009060000802001060000000805000000070253
010000002000148007000000001020005694008000050600073000200009180900060005007400300
005630000000000904040980610000500080430000000008002100600710020002000850004020001
034005087000901000020000065900600470001000000300007000008000000610000052045002390
000600000004750036009804050050000010097000302080000900020490000300061007000005008
000300206500000000007002000040005008180700600000230400050980004003000091064010700
900100040010046700702000000605000030030000876004093000000500000001320000008000295
003001007068000003150000402000900000970028001000670000000000000092130008040005036
000060308840300062070009500934000070000000000000600405090700000006005120400802000
090008002070000500004000960903407006042000800005300000000800100200071050600003008
008000200610082500000009000400090010009000304500670902706001000380400600100000000
000510983000306004005700000920008000004000060000005700000000010167200000038007205
000038900000000004040060075003000089980200000070004061000350700037100002000086000
906500400000900068107000500020080000009000070000201006430000000018470025000002003
090010200130900600000340000046800020002060800007000004000037100200005070003200900
000103007340700000050900000060402018400000002007601309009000800000000103000806400
070600210000190457001000080200000000030400000000850900913708000040500360500000000
002070000560000040000100007070000650450069003080000002900700030000093004000805016
000170000070006009420038005900040003502000000030200800300000000006510700109800006
000290100600053040000061090200000800049000007007300060000500080008004230005100600
000000060902060008000050010850000000600300750013009000000800090468020070000037104
000040080107000060040003010000516004215008000000020000492000006003600900070200003
000000700423000806001690000000970100302100000090058034250000000000000400010700089
800002600000003400901400320302000000084005730700086000000840050009000000070060010
200040000040000080708000000090057430030600000802000100006403258000005009400900010
030000940000000020740020600005039002000200410800100000000368005300704000008090700
000000018800300400012060000000006003074000986030017200005008007000005300000020051
028000400015030700600002800800100904450000000009003605500000070060900103000010000
000061400010980000000002600800305000003000180720000000040000057305410000076200040
000040080107000060040003010000516004215008000000020000492000006003600900070200003
840002063000009500050700000009070000710060000034000098590030010000006080008420000
001520003580003070004000000000000090000100400706090008020430005400010307100602000
200080750701000008000004900004106003800020090030900005007400080060000000150000306
800200050140000009700693000650009000000007000000020480507000000206054300300002100
420000050007030000816005007090020860072300900000000000001040090300006540005000700
000300020407200009300000108040000706209014000060000000001093065500800000036000800
008000420061027800003004000305400000000502000040700309706000090030000200080160000
005008600000597210000030000080009020700400003604082000090000500002104000070900100
980003000000060008200700361000000502094000080010680007020001070000040005600209000
100020003000000920029400050000092107000700000400801060005004639800013000000070000
600420700100970400004010000060000001020503900000700060080050097205000000009000023
000820006000000008012000030100704000009000050760010009480003000325080060007000380
000061400010980000000002600800305000003000180720000000040000057305410000076200040
007000001604002005009700000000050060901000020403080950040030000000008500328010400
001009004700006002000480000500000631010000970600703000000020000000140709245000003
002050040963000100000306009008900014000040070000065000071000035000008000004090082
050000003008000004000920650790004000000000000082000019105080930000709040003002076
007680000500039007090107064000006009000500100000094300000003000060901002002700040
001370000000600013800001700450060000000002009207400060000040000508000001309280004
004025000007801000012900004068000005009600000040000030270010000000006008800200716
200600030017009006000403000900005208001028000000000700059000000026100500008004109
000007800060091020000050073307000002050000081400003000500400200049802000010076000
020000304100300080004790010030060040000150008806000000040205000200078035000000900
000060900000000000906507001000005032500290600034080700017048005800000060000310000
000007800060091020000050073307000002050000081400003000500400200049802000010076000